BPM158

W5.6955
 
 
 
2 2
1 2 1 1 1
2 2 1 1 1/2
2/11
2 2
1 2 1 1 1
2 2 1 1 2/7
2 1/4 
2
2 2 2 2/5 1
2 2 1/2 1
2 2 2 2 2 2 1/2 
1 2 2 1/7
 
2 2 2/15
 
2 2 
1 2 1 1 1
2 2 1 1 1/2
2/11
2 2
1 2 1 1 1
2 2 1 1 2/7
2 1/4 
2
2 2 2 2/5 1
2 2 1/2 1
2 2 2 2 2 2 1/2 
1 2 2 1/7
 
2 2 2
 2 2 1/6
1
2/3 2/3 1/5
 
2 1 1 2 2/3
1 2 2 2 1
2/3 2/3 1/2
1 1 1
1 1 1 2/7
2 2 2/3
2 2 2 2 2 2
1 1 1 1/2
2 2 2 2 2 2/7
1/2
2 2 2 2 2 2 
1 1 1 1
2/3 2/3 1/2
1/2 1/2
2 2 2 2 2 2
1 1 1 1/2
2 2 2 2 2 2/3
2 /5
3/4 3/4 2 1 1
3/4 3/4 2 3/4 3/4 1/2
2/3 1/20
 
 
 
 
2 2 
1 2 1 1 1
2 2 1 1 1/2
2/9
1 2 2 
1 2 1 1 1
2 2 1 1 1/2
22 2 2 2 1/4
2
2 2 2 2/5 1
2 2 1/2 1
2 2 2 2 2 2 1/2 
1 2 2 1/6
 
1 2 2 2
2 2 2 2 2 2 2 1
2 2 2/3 1
2/3 2/3 1/5
 
2 1 1 2 2/3
1 2 2 2 4 4 2
2/3 2/3 1/2
1 1 1
1 1 1 2/7
2 2 2/3
2 2 2 2 2 2
1 1 1 1/2
2 2 2 2 2 2/7
1/2
2 2 2 2 2 2 
1 1 1 1
2/3 2/3 1/2
1/2 1/2
2 2 2 2 2 2
1 1 1 1/2
2 2 2 2 2 2/3
2 1/5
3/4 3/4 2 1 1
3/4 3/4 2 3/4 3/4 1/2
2/3 1/5
 
 1/3 1/2
2/3 2/3
1/3 1/5
 
1/3 1/2
2/3
2/3
2 2 2 1 2 1/3
1 1
1/32
